Ticker,AAPL,BA,GOOGL,JNJ,JPM,MSFT,T,TSLA,WMT,XOM,^GSPC
AAPL,1.0,0.41422507818856213,0.6457875210294252,0.35468406605434477,0.42559139693025083,0.731363685343346,0.2930356250718184,0.455028955116222,0.3384852824395213,0.30863288111762155,0.7792277076886758
BA,0.41422507818856213,1.0,0.3926966241273186,0.272820035950825,0.5650465010054494,0.394737197704582,0.3341846627516068,0.3114152617150912,0.1815124005736656,0.4766954843829503,0.607934294639703
GOOGL,0.6457875210294252,0.3926966241273186,1.0,0.30430905209598097,0.42453485744312264,0.7484705967761951,0.25989395749756156,0.385137465011093,0.2838210000902735,0.29453567912542705,0.748082318379383
JNJ,0.35468406605434477,0.272820035950825,0.30430905209598097,1.0,0.39495184176013665,0.37845065010194856,0.4084287793337261,0.09720610349910094,0.3819304455270327,0.3072680419905891,0.5180298927658332
JPM,0.42559139693025083,0.5650465010054494,0.42453485744312264,0.39495184176013665,1.0,0.4440799938465835,0.47413216988376217,0.2781622538208865,0.2563033833305548,0.5682504481009794,0.7169215420436778
MSFT,0.731363685343346,0.394737197704582,0.7484705967761951,0.37845065010194856,0.4440799938465835,1.0,0.259464338472935,0.4342810504077577,0.37107096015109,0.279633461780167,0.8272262580899089
T,0.2930356250718184,0.3341846627516068,0.25989395749756156,0.4084287793337261,0.47413216988376217,0.259464338472935,1.0,0.10468156127967479,0.28659757064825003,0.39826759496504993,0.4871201869475642
TSLA,0.455028955116222,0.3114152617150912,0.385137465011093,0.09720610349910094,0.2781622538208865,0.4342810504077577,0.10468156127967479,1.0,0.16306875526695155,0.16693733061393493,0.4845354874752052
WMT,0.3384852824395213,0.1815124005736656,0.2838210000902735,0.3819304455270327,0.2563033833305548,0.37107096015109,0.28659757064825003,0.16306875526695155,1.0,0.20509680679944847,0.4457545659864519
XOM,0.30863288111762155,0.4766954843829503,0.29453567912542705,0.3072680419905891,0.5682504481009794,0.279633461780167,0.39826759496504993,0.16693733061393493,0.20509680679944847,1.0,0.5398975926878898
^GSPC,0.7792277076886758,0.607934294639703,0.748082318379383,0.5180298927658332,0.7169215420436778,0.8272262580899089,0.4871201869475642,0.4845354874752052,0.4457545659864519,0.5398975926878898,1.0
